거래일자,시장ID,종목코드,종목명,시각,결제월,결제월번호,종가
"20140807","DRV","KR4101J90004","코스피200 F 201409","0900","201409","1","267.2"
"20140807","DRV","KR4101J90004","코스피200 F 201409","0901","201409","1","267.3"
"20140807","DRV","KR4101J90004","코스피200 F 201409","0902","201409","1","267.3"
"20140807","DRV","KR4101J90004","코스피200 F 201409","0903","201409","1","267.2"
"20140807","DRV","KR4101J90004","코스피200 F 201409","0904","201409","1","267.1"
"20140807","DRV","KR4101J90004","코스피200 F 201409","0905","201409","1","267.05"
"20140807","DRV","KR4101J90004","코스피200 F 201409","0906","201409","1","267"
"20140807","DRV","KR4101J90004","코스피200 F 201409","0907","201409","1","266.75"
"20140807","DRV","KR4101J90004","코스피200 F 201409","0908","201409","1","266.8"
"20140807","DRV","KR4101J90004","코스피200 F 201409","0909","201409","1","266.9"
"20140807","DRV","KR4101J90004","코스피200 F 201409","0910","201409","1","266.6"
"20140807","DRV","KR4101J90004","코스피200 F 201409","0911","201409","1","266.7"
"20140807","DRV","KR4101J90004","코스피200 F 201409","0912","201409","1","266.75"
"20140807","DRV","KR4101J90004","코스피200 F 201409","0913","201409","1","266.7"
"20140807","DRV","KR4101J90004","코스피200 F 201409","0914","201409","1","266.65"
"20140807","DRV","KR4101J90004","코스피200 F 201409","0915","201409","1","266.8"
"20140807","DRV","KR4101J90004","코스피200 F 201409","0916","201409","1","266.8"
"20140807","DRV","KR4101J90004","코스피200 F 201409","0917","201409","1","266.75"
"20140807","DRV","KR4101J90004","코스피200 F 201409","0918","201409","1","266.95"
"20140807","DRV","KR4101J90004","코스피200 F 201409","0919","201409","1","267.1"
"20140807","DRV","KR4101J90004","코스피200 F 201409","0920","201409","1","267.05"
"20140807","DRV","KR4101J90004","코스피200 F 201409","0921","201409","1","267.15"
"20140807","DRV","KR4101J90004","코스피200 F 201409","0922","201409","1","267.15"
"20140807","DRV","KR4101J90004","코스피200 F 201409","0923","201409","1","267"
"20140807","DRV","KR4101J90004","코스피200 F 201409","0924","201409","1","266.95"
"20140807","DRV","KR4101J90004","코스피200 F 201409","0925","201409","1","266.9"
"20140807","DRV","KR4101J90004","코스피200 F 201409","0926","201409","1","266.85"
"20140807","DRV","KR4101J90004","코스피200 F 201409","0927","201409","1","266.7"
"20140807","DRV","KR4101J90004","코스피200 F 201409","0928","201409","1","266.75"
"20140807","DRV","KR4101J90004","코스피200 F 201409","0929","201409","1","266.8"
"20140807","DRV","KR4101J90004","코스피200 F 201409","0930","201409","1","266.85"
"20140807","DRV","KR4101J90004","코스피200 F 201409","0931","201409","1","266.75"
"20140807","DRV","KR4101J90004","코스피200 F 201409","0932","201409","1","266.8"
"20140807","DRV","KR4101J90004","코스피200 F 201409","0933","201409","1","266.9"
"20140807","DRV","KR4101J90004","코스피200 F 201409","0934","201409","1","266.85"
"20140807","DRV","KR4101J90004","코스피200 F 201409","0935","201409","1","266.95"
"20140807","DRV","KR4101J90004","코스피200 F 201409","0936","201409","1","266.95"
"20140807","DRV","KR4101J90004","코스피200 F 201409","0937","201409","1","267.05"
"20140807","DRV","KR4101J90004","코스피200 F 201409","0938","201409","1","267"
"20140807","DRV","KR4101J90004","코스피200 F 201409","0939","201409","1","267"
"20140807","DRV","KR4101J90004","코스피200 F 201409","0940","201409","1","267.35"
"20140807","DRV","KR4101J90004","코스피200 F 201409","0941","201409","1","267.4"
"20140807","DRV","KR4101J90004","코스피200 F 201409","0942","201409","1","267.4"
"20140807","DRV","KR4101J90004","코스피200 F 201409","0943","201409","1","267.4"
"20140807","DRV","KR4101J90004","코스피200 F 201409","0944","201409","1","267.5"
"20140807","DRV","KR4101J90004","코스피200 F 201409","0945","201409","1","267.4"
"20140807","DRV","KR4101J90004","코스피200 F 201409","0946","201409","1","267.35"
"20140807","DRV","KR4101J90004","코스피200 F 201409","0947","201409","1","267.5"
"20140807","DRV","KR4101J90004","코스피200 F 201409","0948","201409","1","267.4"
"20140807","DRV","KR4101J90004","코스피200 F 201409","0949","201409","1","267.4"
"20140807","DRV","KR4101J90004","코스피200 F 201409","0950","201409","1","267.35"
"20140807","DRV","KR4101J90004","코스피200 F 201409","0951","201409","1","267.35"
"20140807","DRV","KR4101J90004","코스피200 F 201409","0952","201409","1","267.4"
"20140807","DRV","KR4101J90004","코스피200 F 201409","0953","201409","1","267.3"
"20140807","DRV","KR4101J90004","코스피200 F 201409","0954","201409","1","267.4"
"20140807","DRV","KR4101J90004","코스피200 F 201409","0955","201409","1","267.45"
"20140807","DRV","KR4101J90004","코스피200 F 201409","0956","201409","1","267.35"
"20140807","DRV","KR4101J90004","코스피200 F 201409","0957","201409","1","267.3"
"20140807","DRV","KR4101J90004","코스피200 F 201409","0958","201409","1","267.3"
"20140807","DRV","KR4101J90004","코스피200 F 201409","0959","201409","1","267.35"
"20140807","DRV","KR4101J90004","코스피200 F 201409","1000","201409","1","267.45"
"20140807","DRV","KR4101J90004","코스피200 F 201409","1001","201409","1","267.4"
"20140807","DRV","KR4101J90004","코스피200 F 201409","1002","201409","1","267.35"
"20140807","DRV","KR4101J90004","코스피200 F 201409","1003","201409","1","267.4"
"20140807","DRV","KR4101J90004","코스피200 F 201409","1004","201409","1","267.4"
"20140807","DRV","KR4101J90004","코스피200 F 201409","1005","201409","1","267.5"
"20140807","DRV","KR4101J90004","코스피200 F 201409","1006","201409","1","267.4"
"20140807","DRV","KR4101J90004","코스피200 F 201409","1007","201409","1","267.25"
"20140807","DRV","KR4101J90004","코스피200 F 201409","1008","201409","1","267.4"
"20140807","DRV","KR4101J90004","코스피200 F 201409","1009","201409","1","267.3"
"20140807","DRV","KR4101J90004","코스피200 F 201409","1010","201409","1","267.3"
"20140807","DRV","KR4101J90004","코스피200 F 201409","1011","201409","1","267.2"
"20140807","DRV","KR4101J90004","코스피200 F 201409","1012","201409","1","267.15"
"20140807","DRV","KR4101J90004","코스피200 F 201409","1013","201409","1","267.1"
"20140807","DRV","KR4101J90004","코스피200 F 201409","1014","201409","1","267.05"
"20140807","DRV","KR4101J90004","코스피200 F 201409","1015","201409","1","267.05"
"20140807","DRV","KR4101J90004","코스피200 F 201409","1016","201409","1","267.2"
"20140807","DRV","KR4101J90004","코스피200 F 201409","1017","201409","1","267.15"
"20140807","DRV","KR4101J90004","코스피200 F 201409","1018","201409","1","267.1"
"20140807","DRV","KR4101J90004","코스피200 F 201409","1019","201409","1","267.15"
"20140807","DRV","KR4101J90004","코스피200 F 201409","1020","201409","1","267.05"
"20140807","DRV","KR4101J90004","코스피200 F 201409","1021","201409","1","266.9"
"20140807","DRV","KR4101J90004","코스피200 F 201409","1022","201409","1","267"
"20140807","DRV","KR4101J90004","코스피200 F 201409","1023","201409","1","266.95"
"20140807","DRV","KR4101J90004","코스피200 F 201409","1024","201409","1","266.95"
"20140807","DRV","KR4101J90004","코스피200 F 201409","1025","201409","1","266.9"
"20140807","DRV","KR4101J90004","코스피200 F 201409","1026","201409","1","266.95"
"20140807","DRV","KR4101J90004","코스피200 F 201409","1027","201409","1","266.9"
"20140807","DRV","KR4101J90004","코스피200 F 201409","1028","201409","1","266.95"
"20140807","DRV","KR4101J90004","코스피200 F 201409","1029","201409","1","267"
"20140807","DRV","KR4101J90004","코스피200 F 201409","1030","201409","1","267"
"20140807","DRV","KR4101J90004","코스피200 F 201409","1031","201409","1","267.1"
"20140807","DRV","KR4101J90004","코스피200 F 201409","1032","201409","1","267.05"
"20140807","DRV","KR4101J90004","코스피200 F 201409","1033","201409","1","267"
"20140807","DRV","KR4101J90004","코스피200 F 201409","1034","201409","1","266.95"
"20140807","DRV","KR4101J90004","코스피200 F 201409","1035","201409","1","266.85"
"20140807","DRV","KR4101J90004","코스피200 F 201409","1036","201409","1","266.8"
"20140807","DRV","KR4101J90004","코스피200 F 201409","1037","201409","1","266.9"
"20140807","DRV","KR4101J90004","코스피200 F 201409","1038","201409","1","266.85"
"20140807","DRV","KR4101J90004","코스피200 F 201409","1039","201409","1","266.8"
"20140807","DRV","KR4101J90004","코스피200 F 201409","1040","201409","1","266.7"
"20140807","DRV","KR4101J90004","코스피200 F 201409","1041","201409","1","266.5"
"20140807","DRV","KR4101J90004","코스피200 F 201409","1042","201409","1","266.4"
"20140807","DRV","KR4101J90004","코스피200 F 201409","1043","201409","1","266.15"
"20140807","DRV","KR4101J90004","코스피200 F 201409","1044","201409","1","266.25"
"20140807","DRV","KR4101J90004","코스피200 F 201409","1045","201409","1","266.15"
"20140807","DRV","KR4101J90004","코스피200 F 201409","1046","201409","1","266.05"
"20140807","DRV","KR4101J90004","코스피200 F 201409","1047","201409","1","266"
"20140807","DRV","KR4101J90004","코스피200 F 201409","1048","201409","1","266.1"
"20140807","DRV","KR4101J90004","코스피200 F 201409","1049","201409","1","266.15"
"20140807","DRV","KR4101J90004","코스피200 F 201409","1050","201409","1","266.15"
"20140807","DRV","KR4101J90004","코스피200 F 201409","1051","201409","1","266.1"
"20140807","DRV","KR4101J90004","코스피200 F 201409","1052","201409","1","266.2"
"20140807","DRV","KR4101J90004","코스피200 F 201409","1053","201409","1","266.1"
"20140807","DRV","KR4101J90004","코스피200 F 201409","1054","201409","1","266.2"
"20140807","DRV","KR4101J90004","코스피200 F 201409","1055","201409","1","266.15"
"20140807","DRV","KR4101J90004","코스피200 F 201409","1056","201409","1","266.2"
"20140807","DRV","KR4101J90004","코스피200 F 201409","1057","201409","1","266.15"
"20140807","DRV","KR4101J90004","코스피200 F 201409","1058","201409","1","266.1"
"20140807","DRV","KR4101J90004","코스피200 F 201409","1059","201409","1","266.15"
"20140807","DRV","KR4101J90004","코스피200 F 201409","1100","201409","1","266.1"
"20140807","DRV","KR4101J90004","코스피200 F 201409","1101","201409","1","266.2"
"20140807","DRV","KR4101J90004","코스피200 F 201409","1102","201409","1","266.3"
"20140807","DRV","KR4101J90004","코스피200 F 201409","1103","201409","1","266.35"
"20140807","DRV","KR4101J90004","코스피200 F 201409","1104","201409","1","266.35"
"20140807","DRV","KR4101J90004","코스피200 F 201409","1105","201409","1","266.45"
"20140807","DRV","KR4101J90004","코스피200 F 201409","1106","201409","1","266.4"
"20140807","DRV","KR4101J90004","코스피200 F 201409","1107","201409","1","266.4"
"20140807","DRV","KR4101J90004","코스피200 F 201409","1108","201409","1","266.35"
"20140807","DRV","KR4101J90004","코스피200 F 201409","1109","201409","1","266.4"
"20140807","DRV","KR4101J90004","코스피200 F 201409","1110","201409","1","266.35"
"20140807","DRV","KR4101J90004","코스피200 F 201409","1111","201409","1","266.3"
"20140807","DRV","KR4101J90004","코스피200 F 201409","1112","201409","1","266.45"
"20140807","DRV","KR4101J90004","코스피200 F 201409","1113","201409","1","266.45"
"20140807","DRV","KR4101J90004","코스피200 F 201409","1114","201409","1","266.4"
"20140807","DRV","KR4101J90004","코스피200 F 201409","1115","201409","1","266.35"
"20140807","DRV","KR4101J90004","코스피200 F 201409","1116","201409","1","266.35"
"20140807","DRV","KR4101J90004","코스피200 F 201409","1117","201409","1","266.3"
"20140807","DRV","KR4101J90004","코스피200 F 201409","1118","201409","1","266.3"
"20140807","DRV","KR4101J90004","코스피200 F 201409","1119","201409","1","266.3"
"20140807","DRV","KR4101J90004","코스피200 F 201409","1120","201409","1","266.3"
"20140807","DRV","KR4101J90004","코스피200 F 201409","1121","201409","1","266.4"
"20140807","DRV","KR4101J90004","코스피200 F 201409","1122","201409","1","266.35"
"20140807","DRV","KR4101J90004","코스피200 F 201409","1123","201409","1","266.3"
"20140807","DRV","KR4101J90004","코스피200 F 201409","1124","201409","1","266.25"
"20140807","DRV","KR4101J90004","코스피200 F 201409","1125","201409","1","266.25"
"20140807","DRV","KR4101J90004","코스피200 F 201409","1126","201409","1","266.25"
"20140807","DRV","KR4101J90004","코스피200 F 201409","1127","201409","1","266.15"
"20140807","DRV","KR4101J90004","코스피200 F 201409","1128","201409","1","266.2"
"20140807","DRV","KR4101J90004","코스피200 F 201409","1129","201409","1","266.2"
"20140807","DRV","KR4101J90004","코스피200 F 201409","1130","201409","1","266.15"
"20140807","DRV","KR4101J90004","코스피200 F 201409","1131","201409","1","266.15"
"20140807","DRV","KR4101J90004","코스피200 F 201409","1132","201409","1","266.25"
"20140807","DRV","KR4101J90004","코스피200 F 201409","1133","201409","1","266.3"
"20140807","DRV","KR4101J90004","코스피200 F 201409","1134","201409","1","266.25"
"20140807","DRV","KR4101J90004","코스피200 F 201409","1135","201409","1","266.25"
"20140807","DRV","KR4101J90004","코스피200 F 201409","1136","201409","1","266.3"
"20140807","DRV","KR4101J90004","코스피200 F 201409","1137","201409","1","266.2"
"20140807","DRV","KR4101J90004","코스피200 F 201409","1138","201409","1","266.15"
"20140807","DRV","KR4101J90004","코스피200 F 201409","1139","201409","1","266.2"
"20140807","DRV","KR4101J90004","코스피200 F 201409","1140","201409","1","266.15"
"20140807","DRV","KR4101J90004","코스피200 F 201409","1141","201409","1","266.2"
"20140807","DRV","KR4101J90004","코스피200 F 201409","1142","201409","1","266.1"
"20140807","DRV","KR4101J90004","코스피200 F 201409","1143","201409","1","266.15"
"20140807","DRV","KR4101J90004","코스피200 F 201409","1144","201409","1","266.2"
"20140807","DRV","KR4101J90004","코스피200 F 201409","1145","201409","1","266.2"
"20140807","DRV","KR4101J90004","코스피200 F 201409","1146","201409","1","266.1"
"20140807","DRV","KR4101J90004","코스피200 F 201409","1147","201409","1","266.15"
"20140807","DRV","KR4101J90004","코스피200 F 201409","1148","201409","1","266.15"
"20140807","DRV","KR4101J90004","코스피200 F 201409","1149","201409","1","266.15"
"20140807","DRV","KR4101J90004","코스피200 F 201409","1150","201409","1","266.25"
"20140807","DRV","KR4101J90004","코스피200 F 201409","1151","201409","1","266.3"
"20140807","DRV","KR4101J90004","코스피200 F 201409","1152","201409","1","266.3"
"20140807","DRV","KR4101J90004","코스피200 F 201409","1153","201409","1","266.3"
"20140807","DRV","KR4101J90004","코스피200 F 201409","1154","201409","1","266.2"
"20140807","DRV","KR4101J90004","코스피200 F 201409","1155","201409","1","266.25"
"20140807","DRV","KR4101J90004","코스피200 F 201409","1156","201409","1","266.25"
"20140807","DRV","KR4101J90004","코스피200 F 201409","1157","201409","1","266.3"
"20140807","DRV","KR4101J90004","코스피200 F 201409","1158","201409","1","266.2"
"20140807","DRV","KR4101J90004","코스피200 F 201409","1159","201409","1","266.2"
"20140807","DRV","KR4101J90004","코스피200 F 201409","1200","201409","1","266.2"
"20140807","DRV","KR4101J90004","코스피200 F 201409","1201","201409","1","266.15"
"20140807","DRV","KR4101J90004","코스피200 F 201409","1202","201409","1","266.15"
"20140807","DRV","KR4101J90004","코스피200 F 201409","1203","201409","1","266.1"
"20140807","DRV","KR4101J90004","코스피200 F 201409","1204","201409","1","266.1"
"20140807","DRV","KR4101J90004","코스피200 F 201409","1205","201409","1","266.15"
"20140807","DRV","KR4101J90004","코스피200 F 201409","1206","201409","1","266.1"
"20140807","DRV","KR4101J90004","코스피200 F 201409","1207","201409","1","266.1"
"20140807","DRV","KR4101J90004","코스피200 F 201409","1208","201409","1","266.1"
"20140807","DRV","KR4101J90004","코스피200 F 201409","1209","201409","1","266.1"
"20140807","DRV","KR4101J90004","코스피200 F 201409","1210","201409","1","266.05"
"20140807","DRV","KR4101J90004","코스피200 F 201409","1211","201409","1","266.15"
"20140807","DRV","KR4101J90004","코스피200 F 201409","1212","201409","1","266.1"
"20140807","DRV","KR4101J90004","코스피200 F 201409","1213","201409","1","266.05"
"20140807","DRV","KR4101J90004","코스피200 F 201409","1214","201409","1","266.05"
"20140807","DRV","KR4101J90004","코스피200 F 201409","1215","201409","1","266.05"
"20140807","DRV","KR4101J90004","코스피200 F 201409","1216","201409","1","266.05"
"20140807","DRV","KR4101J90004","코스피200 F 201409","1217","201409","1","266.1"
"20140807","DRV","KR4101J90004","코스피200 F 201409","1218","201409","1","265.95"
"20140807","DRV","KR4101J90004","코스피200 F 201409","1219","201409","1","265.9"
"20140807","DRV","KR4101J90004","코스피200 F 201409","1220","201409","1","265.8"
"20140807","DRV","KR4101J90004","코스피200 F 201409","1221","201409","1","265.8"
"20140807","DRV","KR4101J90004","코스피200 F 201409","1222","201409","1","265.8"
"20140807","DRV","KR4101J90004","코스피200 F 201409","1223","201409","1","265.8"
"20140807","DRV","KR4101J90004","코스피200 F 201409","1224","201409","1","265.85"
"20140807","DRV","KR4101J90004","코스피200 F 201409","1225","201409","1","265.8"
"20140807","DRV","KR4101J90004","코스피200 F 201409","1226","201409","1","265.8"
"20140807","DRV","KR4101J90004","코스피200 F 201409","1227","201409","1","265.8"
"20140807","DRV","KR4101J90004","코스피200 F 201409","1228","201409","1","265.75"
"20140807","DRV","KR4101J90004","코스피200 F 201409","1229","201409","1","265.75"
"20140807","DRV","KR4101J90004","코스피200 F 201409","1230","201409","1","265.75"
"20140807","DRV","KR4101J90004","코스피200 F 201409","1231","201409","1","265.8"
"20140807","DRV","KR4101J90004","코스피200 F 201409","1232","201409","1","265.75"
"20140807","DRV","KR4101J90004","코스피200 F 201409","1233","201409","1","265.7"
"20140807","DRV","KR4101J90004","코스피200 F 201409","1234","201409","1","265.75"
"20140807","DRV","KR4101J90004","코스피200 F 201409","1235","201409","1","265.8"
"20140807","DRV","KR4101J90004","코스피200 F 201409","1236","201409","1","265.8"
"20140807","DRV","KR4101J90004","코스피200 F 201409","1237","201409","1","265.8"
"20140807","DRV","KR4101J90004","코스피200 F 201409","1238","201409","1","265.8"
"20140807","DRV","KR4101J90004","코스피200 F 201409","1239","201409","1","265.85"
"20140807","DRV","KR4101J90004","코스피200 F 201409","1240","201409","1","265.85"
"20140807","DRV","KR4101J90004","코스피200 F 201409","1241","201409","1","265.85"
"20140807","DRV","KR4101J90004","코스피200 F 201409","1242","201409","1","265.85"
"20140807","DRV","KR4101J90004","코스피200 F 201409","1243","201409","1","265.85"
"20140807","DRV","KR4101J90004","코스피200 F 201409","1244","201409","1","265.85"
"20140807","DRV","KR4101J90004","코스피200 F 201409","1245","201409","1","265.85"
"20140807","DRV","KR4101J90004","코스피200 F 201409","1246","201409","1","265.8"
"20140807","DRV","KR4101J90004","코스피200 F 201409","1247","201409","1","265.85"
"20140807","DRV","KR4101J90004","코스피200 F 201409","1248","201409","1","265.9"
"20140807","DRV","KR4101J90004","코스피200 F 201409","1249","201409","1","265.95"
"20140807","DRV","KR4101J90004","코스피200 F 201409","1250","201409","1","265.95"
"20140807","DRV","KR4101J90004","코스피200 F 201409","1251","201409","1","265.85"
"20140807","DRV","KR4101J90004","코스피200 F 201409","1252","201409","1","265.8"
"20140807","DRV","KR4101J90004","코스피200 F 201409","1253","201409","1","265.8"
"20140807","DRV","KR4101J90004","코스피200 F 201409","1254","201409","1","265.8"
"20140807","DRV","KR4101J90004","코스피200 F 201409","1255","201409","1","265.8"
"20140807","DRV","KR4101J90004","코스피200 F 201409","1256","201409","1","265.8"
"20140807","DRV","KR4101J90004","코스피200 F 201409","1257","201409","1","265.75"
"20140807","DRV","KR4101J90004","코스피200 F 201409","1258","201409","1","265.75"
"20140807","DRV","KR4101J90004","코스피200 F 201409","1259","201409","1","265.8"
"20140807","DRV","KR4101J90004","코스피200 F 201409","1300","201409","1","265.7"
"20140807","DRV","KR4101J90004","코스피200 F 201409","1301","201409","1","265.75"
"20140807","DRV","KR4101J90004","코스피200 F 201409","1302","201409","1","265.85"
"20140807","DRV","KR4101J90004","코스피200 F 201409","1303","201409","1","265.85"
"20140807","DRV","KR4101J90004","코스피200 F 201409","1304","201409","1","265.8"
"20140807","DRV","KR4101J90004","코스피200 F 201409","1305","201409","1","265.85"
"20140807","DRV","KR4101J90004","코스피200 F 201409","1306","201409","1","265.85"
"20140807","DRV","KR4101J90004","코스피200 F 201409","1307","201409","1","265.8"
"20140807","DRV","KR4101J90004","코스피200 F 201409","1308","201409","1","265.85"
"20140807","DRV","KR4101J90004","코스피200 F 201409","1309","201409","1","265.9"
"20140807","DRV","KR4101J90004","코스피200 F 201409","1310","201409","1","265.8"
"20140807","DRV","KR4101J90004","코스피200 F 201409","1311","201409","1","265.75"
"20140807","DRV","KR4101J90004","코스피200 F 201409","1312","201409","1","265.75"
"20140807","DRV","KR4101J90004","코스피200 F 201409","1313","201409","1","265.75"
"20140807","DRV","KR4101J90004","코스피200 F 201409","1314","201409","1","265.8"
"20140807","DRV","KR4101J90004","코스피200 F 201409","1315","201409","1","265.75"
"20140807","DRV","KR4101J90004","코스피200 F 201409","1316","201409","1","265.7"
"20140807","DRV","KR4101J90004","코스피200 F 201409","1317","201409","1","265.75"
"20140807","DRV","KR4101J90004","코스피200 F 201409","1318","201409","1","265.7"
"20140807","DRV","KR4101J90004","코스피200 F 201409","1319","201409","1","265.7"
"20140807","DRV","KR4101J90004","코스피200 F 201409","1320","201409","1","265.9"
"20140807","DRV","KR4101J90004","코스피200 F 201409","1321","201409","1","265.95"
"20140807","DRV","KR4101J90004","코스피200 F 201409","1322","201409","1","266"
"20140807","DRV","KR4101J90004","코스피200 F 201409","1323","201409","1","265.95"
"20140807","DRV","KR4101J90004","코스피200 F 201409","1324","201409","1","265.95"
"20140807","DRV","KR4101J90004","코스피200 F 201409","1325","201409","1","265.95"
"20140807","DRV","KR4101J90004","코스피200 F 201409","1326","201409","1","265.95"
"20140807","DRV","KR4101J90004","코스피200 F 201409","1327","201409","1","265.95"
"20140807","DRV","KR4101J90004","코스피200 F 201409","1328","201409","1","265.85"
"20140807","DRV","KR4101J90004","코스피200 F 201409","1329","201409","1","265.9"
"20140807","DRV","KR4101J90004","코스피200 F 201409","1330","201409","1","265.9"
"20140807","DRV","KR4101J90004","코스피200 F 201409","1331","201409","1","265.9"
"20140807","DRV","KR4101J90004","코스피200 F 201409","1332","201409","1","265.9"
"20140807","DRV","KR4101J90004","코스피200 F 201409","1333","201409","1","265.9"
"20140807","DRV","KR4101J90004","코스피200 F 201409","1334","201409","1","265.85"
"20140807","DRV","KR4101J90004","코스피200 F 201409","1335","201409","1","265.8"
"20140807","DRV","KR4101J90004","코스피200 F 201409","1336","201409","1","265.8"
"20140807","DRV","KR4101J90004","코스피200 F 201409","1337","201409","1","265.8"
"20140807","DRV","KR4101J90004","코스피200 F 201409","1338","201409","1","265.75"
"20140807","DRV","KR4101J90004","코스피200 F 201409","1339","201409","1","265.75"
"20140807","DRV","KR4101J90004","코스피200 F 201409","1340","201409","1","265.85"
"20140807","DRV","KR4101J90004","코스피200 F 201409","1341","201409","1","265.85"
"20140807","DRV","KR4101J90004","코스피200 F 201409","1342","201409","1","265.85"
"20140807","DRV","KR4101J90004","코스피200 F 201409","1343","201409","1","265.8"
"20140807","DRV","KR4101J90004","코스피200 F 201409","1344","201409","1","265.8"
"20140807","DRV","KR4101J90004","코스피200 F 201409","1345","201409","1","265.85"
"20140807","DRV","KR4101J90004","코스피200 F 201409","1346","201409","1","265.8"
"20140807","DRV","KR4101J90004","코스피200 F 201409","1347","201409","1","265.85"
"20140807","DRV","KR4101J90004","코스피200 F 201409","1348","201409","1","265.85"
"20140807","DRV","KR4101J90004","코스피200 F 201409","1349","201409","1","265.8"
"20140807","DRV","KR4101J90004","코스피200 F 201409","1350","201409","1","265.8"
"20140807","DRV","KR4101J90004","코스피200 F 201409","1351","201409","1","265.8"
"20140807","DRV","KR4101J90004","코스피200 F 201409","1352","201409","1","265.85"
"20140807","DRV","KR4101J90004","코스피200 F 201409","1353","201409","1","265.85"
"20140807","DRV","KR4101J90004","코스피200 F 201409","1354","201409","1","265.85"
"20140807","DRV","KR4101J90004","코스피200 F 201409","1355","201409","1","265.85"
"20140807","DRV","KR4101J90004","코스피200 F 201409","1356","201409","1","265.85"
"20140807","DRV","KR4101J90004","코스피200 F 201409","1357","201409","1","265.85"
"20140807","DRV","KR4101J90004","코스피200 F 201409","1358","201409","1","265.85"
"20140807","DRV","KR4101J90004","코스피200 F 201409","1359","201409","1","265.85"
"20140807","DRV","KR4101J90004","코스피200 F 201409","1400","201409","1","265.75"
"20140807","DRV","KR4101J90004","코스피200 F 201409","1401","201409","1","265.75"
"20140807","DRV","KR4101J90004","코스피200 F 201409","1402","201409","1","265.7"
"20140807","DRV","KR4101J90004","코스피200 F 201409","1403","201409","1","265.65"
"20140807","DRV","KR4101J90004","코스피200 F 201409","1404","201409","1","265.6"
"20140807","DRV","KR4101J90004","코스피200 F 201409","1405","201409","1","265.75"
"20140807","DRV","KR4101J90004","코스피200 F 201409","1406","201409","1","265.8"
"20140807","DRV","KR4101J90004","코스피200 F 201409","1407","201409","1","265.95"
"20140807","DRV","KR4101J90004","코스피200 F 201409","1408","201409","1","265.9"
"20140807","DRV","KR4101J90004","코스피200 F 201409","1409","201409","1","265.95"
"20140807","DRV","KR4101J90004","코스피200 F 201409","1410","201409","1","265.95"
"20140807","DRV","KR4101J90004","코스피200 F 201409","1411","201409","1","266.05"
"20140807","DRV","KR4101J90004","코스피200 F 201409","1412","201409","1","266.05"
"20140807","DRV","KR4101J90004","코스피200 F 201409","1413","201409","1","266"
"20140807","DRV","KR4101J90004","코스피200 F 201409","1414","201409","1","265.95"
"20140807","DRV","KR4101J90004","코스피200 F 201409","1415","201409","1","266"
"20140807","DRV","KR4101J90004","코스피200 F 201409","1416","201409","1","266.05"
"20140807","DRV","KR4101J90004","코스피200 F 201409","1417","201409","1","266"
"20140807","DRV","KR4101J90004","코스피200 F 201409","1418","201409","1","266"
"20140807","DRV","KR4101J90004","코스피200 F 201409","1419","201409","1","265.95"
"20140807","DRV","KR4101J90004","코스피200 F 201409","1420","201409","1","265.95"
"20140807","DRV","KR4101J90004","코스피200 F 201409","1421","201409","1","266.15"
"20140807","DRV","KR4101J90004","코스피200 F 201409","1422","201409","1","266.15"
"20140807","DRV","KR4101J90004","코스피200 F 201409","1423","201409","1","266.2"
"20140807","DRV","KR4101J90004","코스피200 F 201409","1424","201409","1","266.2"
"20140807","DRV","KR4101J90004","코스피200 F 201409","1425","201409","1","266.2"
"20140807","DRV","KR4101J90004","코스피200 F 201409","1426","201409","1","266.3"
"20140807","DRV","KR4101J90004","코스피200 F 201409","1427","201409","1","266.25"
"20140807","DRV","KR4101J90004","코스피200 F 201409","1428","201409","1","266.25"
"20140807","DRV","KR4101J90004","코스피200 F 201409","1429","201409","1","266.2"
"20140807","DRV","KR4101J90004","코스피200 F 201409","1430","201409","1","266.35"
"20140807","DRV","KR4101J90004","코스피200 F 201409","1431","201409","1","266.3"
"20140807","DRV","KR4101J90004","코스피200 F 201409","1432","201409","1","266.3"
"20140807","DRV","KR4101J90004","코스피200 F 201409","1433","201409","1","266.25"
"20140807","DRV","KR4101J90004","코스피200 F 201409","1434","201409","1","266.2"
"20140807","DRV","KR4101J90004","코스피200 F 201409","1435","201409","1","266.25"
"20140807","DRV","KR4101J90004","코스피200 F 201409","1436","201409","1","266.25"
"20140807","DRV","KR4101J90004","코스피200 F 201409","1437","201409","1","266.15"
"20140807","DRV","KR4101J90004","코스피200 F 201409","1438","201409","1","266.15"
"20140807","DRV","KR4101J90004","코스피200 F 201409","1439","201409","1","266.2"
"20140807","DRV","KR4101J90004","코스피200 F 201409","1440","201409","1","266.25"
"20140807","DRV","KR4101J90004","코스피200 F 201409","1441","201409","1","266.25"
"20140807","DRV","KR4101J90004","코스피200 F 201409","1442","201409","1","266.25"
"20140807","DRV","KR4101J90004","코스피200 F 201409","1443","201409","1","266.25"
"20140807","DRV","KR4101J90004","코스피200 F 201409","1444","201409","1","266.25"
"20140807","DRV","KR4101J90004","코스피200 F 201409","1445","201409","1","266.3"
"20140807","DRV","KR4101J90004","코스피200 F 201409","1446","201409","1","266.3"
"20140807","DRV","KR4101J90004","코스피200 F 201409","1447","201409","1","266.3"
"20140807","DRV","KR4101J90004","코스피200 F 201409","1448","201409","1","266.3"
"20140807","DRV","KR4101J90004","코스피200 F 201409","1449","201409","1","266.3"
"20140807","DRV","KR4101J90004","코스피200 F 201409","1450","201409","1","266.45"
"20140807","DRV","KR4101J90004","코스피200 F 201409","1451","201409","1","266.35"
"20140807","DRV","KR4101J90004","코스피200 F 201409","1452","201409","1","266.4"
"20140807","DRV","KR4101J90004","코스피200 F 201409","1453","201409","1","266.45"
"20140807","DRV","KR4101J90004","코스피200 F 201409","1454","201409","1","266.45"
"20140807","DRV","KR4101J90004","코스피200 F 201409","1455","201409","1","266.4"
"20140807","DRV","KR4101J90004","코스피200 F 201409","1456","201409","1","266.4"
"20140807","DRV","KR4101J90004","코스피200 F 201409","1457","201409","1","266.45"
"20140807","DRV","KR4101J90004","코스피200 F 201409","1458","201409","1","266.45"
"20140807","DRV","KR4101J90004","코스피200 F 201409","1459","201409","1","266.5"
"20140807","DRV","KR4101J90004","코스피200 F 201409","1500","201409","1","266.3"
"20140807","DRV","KR4101J90004","코스피200 F 201409","1501","201409","1","266.25"
"20140807","DRV","KR4101J90004","코스피200 F 201409","1502","201409","1","266.25"
"20140807","DRV","KR4101J90004","코스피200 F 201409","1503","201409","1","266.3"
"20140807","DRV","KR4101J90004","코스피200 F 201409","1504","201409","1","266.25"
"20140807","DRV","KR4101J90004","코스피200 F 201409","1515","201409","1","266.25"
"20140807","DRV","KR4101JC0000","코스피200 F 201412","0900","201412","2","268.7"
"20140807","DRV","KR4101JC0000","코스피200 F 201412","0901","201412","2","268.9"
"20140807","DRV","KR4101JC0000","코스피200 F 201412","0904","201412","2","268.55"
"20140807","DRV","KR4101JC0000","코스피200 F 201412","0905","201412","2","268.5"
"20140807","DRV","KR4101JC0000","코스피200 F 201412","0906","201412","2","268.6"
"20140807","DRV","KR4101JC0000","코스피200 F 201412","0907","201412","2","268.25"
"20140807","DRV","KR4101JC0000","코스피200 F 201412","0908","201412","2","268.2"
"20140807","DRV","KR4101JC0000","코스피200 F 201412","0909","201412","2","268.35"
"20140807","DRV","KR4101JC0000","코스피200 F 201412","0910","201412","2","268.05"
"20140807","DRV","KR4101JC0000","코스피200 F 201412","0911","201412","2","268.15"
"20140807","DRV","KR4101JC0000","코스피200 F 201412","0912","201412","2","268.15"
"20140807","DRV","KR4101JC0000","코스피200 F 201412","0914","201412","2","268.15"
"20140807","DRV","KR4101JC0000","코스피200 F 201412","0915","201412","2","268.2"
"20140807","DRV","KR4101JC0000","코스피200 F 201412","0916","201412","2","268.3"
"20140807","DRV","KR4101JC0000","코스피200 F 201412","0917","201412","2","268.25"
"20140807","DRV","KR4101JC0000","코스피200 F 201412","0918","201412","2","268.5"
"20140807","DRV","KR4101JC0000","코스피200 F 201412","0919","201412","2","268.55"
"20140807","DRV","KR4101JC0000","코스피200 F 201412","0920","201412","2","268.55"
"20140807","DRV","KR4101JC0000","코스피200 F 201412","0921","201412","2","268.6"
"20140807","DRV","KR4101JC0000","코스피200 F 201412","0924","201412","2","268.4"
"20140807","DRV","KR4101JC0000","코스피200 F 201412","0927","201412","2","268.2"
"20140807","DRV","KR4101JC0000","코스피200 F 201412","0933","201412","2","268.35"
"20140807","DRV","KR4101JC0000","코스피200 F 201412","0937","201412","2","268.5"
"20140807","DRV","KR4101JC0000","코스피200 F 201412","0939","201412","2","268.4"
"20140807","DRV","KR4101JC0000","코스피200 F 201412","0940","201412","2","268.8"
"20140807","DRV","KR4101JC0000","코스피200 F 201412","0943","201412","2","268.95"
"20140807","DRV","KR4101JC0000","코스피200 F 201412","0947","201412","2","268.9"
"20140807","DRV","KR4101JC0000","코스피200 F 201412","0948","201412","2","268.9"
"20140807","DRV","KR4101JC0000","코스피200 F 201412","0955","201412","2","268.9"
"20140807","DRV","KR4101JC0000","코스피200 F 201412","0956","201412","2","268.85"
"20140807","DRV","KR4101JC0000","코스피200 F 201412","0957","201412","2","268.8"
"20140807","DRV","KR4101JC0000","코스피200 F 201412","1000","201412","2","268.9"
"20140807","DRV","KR4101JC0000","코스피200 F 201412","1002","201412","2","268.9"
"20140807","DRV","KR4101JC0000","코스피200 F 201412","1007","201412","2","268.75"
"20140807","DRV","KR4101JC0000","코스피200 F 201412","1008","201412","2","268.75"
"20140807","DRV","KR4101JC0000","코스피200 F 201412","1011","201412","2","268.75"
"20140807","DRV","KR4101JC0000","코스피200 F 201412","1016","201412","2","268.65"
"20140807","DRV","KR4101JC0000","코스피200 F 201412","1020","201412","2","268.55"
"20140807","DRV","KR4101JC0000","코스피200 F 201412","1021","201412","2","268.4"
"20140807","DRV","KR4101JC0000","코스피200 F 201412","1023","201412","2","268.45"
"20140807","DRV","KR4101JC0000","코스피200 F 201412","1024","201412","2","268.45"
"20140807","DRV","KR4101JC0000","코스피200 F 201412","1034","201412","2","268.45"
"20140807","DRV","KR4101JC0000","코스피200 F 201412","1035","201412","2","268.35"
"20140807","DRV","KR4101JC0000","코스피200 F 201412","1036","201412","2","268.35"
"20140807","DRV","KR4101JC0000","코스피200 F 201412","1037","201412","2","268.3"
"20140807","DRV","KR4101JC0000","코스피200 F 201412","1039","201412","2","268.3"
"20140807","DRV","KR4101JC0000","코스피200 F 201412","1040","201412","2","268.25"
"20140807","DRV","KR4101JC0000","코스피200 F 201412","1041","201412","2","268"
"20140807","DRV","KR4101JC0000","코스피200 F 201412","1042","201412","2","267.9"
"20140807","DRV","KR4101JC0000","코스피200 F 201412","1043","201412","2","267.7"
"20140807","DRV","KR4101JC0000","코스피200 F 201412","1044","201412","2","267.75"
"20140807","DRV","KR4101JC0000","코스피200 F 201412","1045","201412","2","267.55"
"20140807","DRV","KR4101JC0000","코스피200 F 201412","1046","201412","2","267.55"
"20140807","DRV","KR4101JC0000","코스피200 F 201412","1047","201412","2","267.5"
"20140807","DRV","KR4101JC0000","코스피200 F 201412","1048","201412","2","267.45"
"20140807","DRV","KR4101JC0000","코스피200 F 201412","1050","201412","2","267.65"
"20140807","DRV","KR4101JC0000","코스피200 F 201412","1052","201412","2","267.65"
"20140807","DRV","KR4101JC0000","코스피200 F 201412","1053","201412","2","267.6"
"20140807","DRV","KR4101JC0000","코스피200 F 201412","1054","201412","2","267.65"
"20140807","DRV","KR4101JC0000","코스피200 F 201412","1055","201412","2","267.65"
"20140807","DRV","KR4101JC0000","코스피200 F 201412","1058","201412","2","267.6"
"20140807","DRV","KR4101JC0000","코스피200 F 201412","1100","201412","2","267.6"
"20140807","DRV","KR4101JC0000","코스피200 F 201412","1106","201412","2","268.05"
"20140807","DRV","KR4101JC0000","코스피200 F 201412","1113","201412","2","267.95"
"20140807","DRV","KR4101JC0000","코스피200 F 201412","1115","201412","2","267.85"
"20140807","DRV","KR4101JC0000","코스피200 F 201412","1120","201412","2","267.8"
"20140807","DRV","KR4101JC0000","코스피200 F 201412","1122","201412","2","267.8"
"20140807","DRV","KR4101JC0000","코스피200 F 201412","1123","201412","2","267.75"
"20140807","DRV","KR4101JC0000","코스피200 F 201412","1127","201412","2","267.7"
"20140807","DRV","KR4101JC0000","코스피200 F 201412","1128","201412","2","267.7"
"20140807","DRV","KR4101JC0000","코스피200 F 201412","1129","201412","2","267.6"
"20140807","DRV","KR4101JC0000","코스피200 F 201412","1130","201412","2","267.6"
"20140807","DRV","KR4101JC0000","코스피200 F 201412","1135","201412","2","267.7"
"20140807","DRV","KR4101JC0000","코스피200 F 201412","1154","201412","2","267.7"
"20140807","DRV","KR4101JC0000","코스피200 F 201412","1213","201412","2","267.55"
"20140807","DRV","KR4101JC0000","코스피200 F 201412","1214","201412","2","267.55"
"20140807","DRV","KR4101JC0000","코스피200 F 201412","1219","201412","2","267.45"
"20140807","DRV","KR4101JC0000","코스피200 F 201412","1220","201412","2","267.3"
"20140807","DRV","KR4101JC0000","코스피200 F 201412","1226","201412","2","267.25"
"20140807","DRV","KR4101JC0000","코스피200 F 201412","1230","201412","2","267.2"
"20140807","DRV","KR4101JC0000","코스피200 F 201412","1233","201412","2","267.2"
"20140807","DRV","KR4101JC0000","코스피200 F 201412","1235","201412","2","267.3"
"20140807","DRV","KR4101JC0000","코스피200 F 201412","1236","201412","2","267.25"
"20140807","DRV","KR4101JC0000","코스피200 F 201412","1244","201412","2","267.3"
"20140807","DRV","KR4101JC0000","코스피200 F 201412","1245","201412","2","267.3"
"20140807","DRV","KR4101JC0000","코스피200 F 201412","1249","201412","2","267.4"
"20140807","DRV","KR4101JC0000","코스피200 F 201412","1252","201412","2","267.3"
"20140807","DRV","KR4101JC0000","코스피200 F 201412","1258","201412","2","267.25"
"20140807","DRV","KR4101JC0000","코스피200 F 201412","1301","201412","2","267.25"
"20140807","DRV","KR4101JC0000","코스피200 F 201412","1302","201412","2","267.3"
"20140807","DRV","KR4101JC0000","코스피200 F 201412","1305","201412","2","267.3"
"20140807","DRV","KR4101JC0000","코스피200 F 201412","1306","201412","2","267.3"
"20140807","DRV","KR4101JC0000","코스피200 F 201412","1311","201412","2","267.25"
"20140807","DRV","KR4101JC0000","코스피200 F 201412","1315","201412","2","267.2"
"20140807","DRV","KR4101JC0000","코스피200 F 201412","1318","201412","2","267.2"
"20140807","DRV","KR4101JC0000","코스피200 F 201412","1322","201412","2","267.45"
"20140807","DRV","KR4101JC0000","코스피200 F 201412","1327","201412","2","267.4"
"20140807","DRV","KR4101JC0000","코스피200 F 201412","1335","201412","2","267.3"
"20140807","DRV","KR4101JC0000","코스피200 F 201412","1339","201412","2","267.25"
"20140807","DRV","KR4101JC0000","코스피200 F 201412","1340","201412","2","267.25"
"20140807","DRV","KR4101JC0000","코스피200 F 201412","1346","201412","2","267.25"
"20140807","DRV","KR4101JC0000","코스피200 F 201412","1347","201412","2","267.3"
"20140807","DRV","KR4101JC0000","코스피200 F 201412","1351","201412","2","267.3"
"20140807","DRV","KR4101JC0000","코스피200 F 201412","1352","201412","2","267.3"
"20140807","DRV","KR4101JC0000","코스피200 F 201412","1356","201412","2","267.3"
"20140807","DRV","KR4101JC0000","코스피200 F 201412","1358","201412","2","267.3"
"20140807","DRV","KR4101JC0000","코스피200 F 201412","1402","201412","2","267.15"
"20140807","DRV","KR4101JC0000","코스피200 F 201412","1404","201412","2","267.1"
"20140807","DRV","KR4101JC0000","코스피200 F 201412","1405","201412","2","267.1"
"20140807","DRV","KR4101JC0000","코스피200 F 201412","1406","201412","2","267.25"
"20140807","DRV","KR4101JC0000","코스피200 F 201412","1407","201412","2","267.4"
"20140807","DRV","KR4101JC0000","코스피200 F 201412","1409","201412","2","267.4"
"20140807","DRV","KR4101JC0000","코스피200 F 201412","1411","201412","2","267.5"
"20140807","DRV","KR4101JC0000","코스피200 F 201412","1412","201412","2","267.5"
"20140807","DRV","KR4101JC0000","코스피200 F 201412","1420","201412","2","267.5"
"20140807","DRV","KR4101JC0000","코스피200 F 201412","1421","201412","2","267.6"
"20140807","DRV","KR4101JC0000","코스피200 F 201412","1422","201412","2","267.65"
"20140807","DRV","KR4101JC0000","코스피200 F 201412","1423","201412","2","267.65"
"20140807","DRV","KR4101JC0000","코스피200 F 201412","1426","201412","2","267.7"
"20140807","DRV","KR4101JC0000","코스피200 F 201412","1427","201412","2","267.75"
"20140807","DRV","KR4101JC0000","코스피200 F 201412","1433","201412","2","267.75"
"20140807","DRV","KR4101JC0000","코스피200 F 201412","1437","201412","2","267.65"
"20140807","DRV","KR4101JC0000","코스피200 F 201412","1441","201412","2","267.7"
"20140807","DRV","KR4101JC0000","코스피200 F 201412","1445","201412","2","267.7"
"20140807","DRV","KR4101JC0000","코스피200 F 201412","1446","201412","2","267.75"
"20140807","DRV","KR4101JC0000","코스피200 F 201412","1447","201412","2","267.75"
"20140807","DRV","KR4101JC0000","코스피200 F 201412","1450","201412","2","267.85"
"20140807","DRV","KR4101JC0000","코스피200 F 201412","1451","201412","2","267.8"
"20140807","DRV","KR4101JC0000","코스피200 F 201412","1454","201412","2","267.9"
"20140807","DRV","KR4101JC0000","코스피200 F 201412","1500","201412","2","267.8"
"20140807","DRV","KR4101JC0000","코스피200 F 201412","1501","201412","2","267.75"
"20140807","DRV","KR4101JC0000","코스피200 F 201412","1502","201412","2","267.7"
"20140807","DRV","KR4101JC0000","코스피200 F 201412","1503","201412","2","267.7"
"20140807","DRV","KR4101JC0000","코스피200 F 201412","1504","201412","2","267.7"
"20140807","DRV","KR4101JC0000","코스피200 F 201412","1515","201412","2","267.65"
"20140807","DRV","KR4101K30008","코스피200 F 201503","1100","201503","3","267"
"20140807","DRV","KR4101K60005","코스피200 F 201506","1043","201506","4","268.1"
"20140807","DRV","KR4101K60005","코스피200 F 201506","1214","201506","4","267.9"
"20140807","DRV","KR4401J9JCS8","코스피200 SP 1409-1412","0900","201409","1","1.45"
"20140807","DRV","KR4401J9JCS8","코스피200 SP 1409-1412","0903","201409","1","1.45"
"20140807","DRV","KR4401J9JCS8","코스피200 SP 1409-1412","1340","201409","1","1.45"
"20140807","DRV","KR4401J9JCS8","코스피200 SP 1409-1412","1454","201409","1","1.5"
"20140807","DRV","KR4401J9K3S9","코스피200 SP 1409-1503","1100","201409","1","0.55"
"20140807","DRV","KR4401J9K3S9","코스피200 SP 1409-1503","1101","201409","1","0.55"
"20140807","DRV","KR4401J9K6S2","코스피200 SP 1409-1506","1043","201409","1","1.8"
"20140807","DRV","KR4401J9K6S2","코스피200 SP 1409-1506","1109","201409","1","1.8"